1 1 0.044192
2 8 0.229760
3 27 0.109856
4 64 0.102464
5 125 0.109728
6 216 0.146112
7 343 0.123136
8 512 0.132672
9 729 0.140576
10 1000 0.147552
11 1331 0.233920
12 1728 0.166528
13 2197 0.236640
14 2744 0.154592
15 3375 0.281664
16 4096 0.150336
17 4913 0.228864
18 5832 0.171584
19 6859 0.218496
20 8000 0.283264
21 9261 0.304704
22 10648 0.254464
23 12167 0.232768
24 13824 0.166752
25 15625 0.255264
26 17576 0.161728
27 19683 0.301920
28 21952 0.191424
29 24389 0.303616
30 27000 0.204416
31 29791 0.348960
32 32768 0.296960
33 35937 0.596192
34 39304 0.185376
35 42875 0.338208
36 46656 0.201344
37 50653 0.723680
38 54872 0.217184
39 59319 0.780416
40 64000 0.193344
41 68921 0.856608
42 74088 0.230272
43 79507 0.919392
44 85184 0.263072
45 91125 0.527520
46 97336 0.289760
47 103823 1.093152
48 110592 0.248672
49 117649 0.714944
50 125000 0.261824
51 132651 1.297792
52 140608 0.370368
53 148877 1.402688
54 157464 0.305792
55 166375 1.490784
56 175616 0.293376
57 185193 1.577728
58 195112 0.532896
59 205379 1.688320
60 216000 0.442784
61 226981 1.802208
62 238328 0.636736
63 250047 1.143712
64 262144 0.275424
65 274625 3.277344
66 287496 0.719968
67 300763 3.417344
68 314432 0.721472
69 328509 3.593984
70 343000 0.608864
71 357911 3.793216
72 373248 0.508448
73 389017 5.463936
74 405224 1.202208
75 421875 1.776960
76 438976 0.972576
77 456533 5.451488
78 474552 1.111392
79 493039 5.791392
80 512000 0.658368
81 531441 2.429184
82 551368 1.645120
83 571787 8.146336
84 592704 1.006240
85 614125 8.520224
86 636056 1.997408
87 658503 8.868896
88 681472 1.298880
89 704969 9.202848
90 729000 1.132480
91 753571 9.573856
92 778688 1.689504
93 804357 10.074593
94 830584 2.654656
95 857375 10.438784
96 884736 1.142208
97 912673 9.510400
98 941192 1.238624
99 970299 9.969120
100 1000000 1.262880
101 1030301 10.724672
102 1061208 2.417344
103 1092727 11.243520
104 1124864 2.077472
105 1157625 5.101824
106 1191016 3.477024
107 1225043 12.239296
108 1259712 1.487904
109 1295029 14.927680
110 1331000 2.787776
111 1367631 15.570496
112 1404928 1.583488
113 1442897 16.278049
114 1481544 3.197600
115 1520875 19.078335
116 1560896 3.550016
117 1601613 19.730495
118 1643032 5.000000
119 1685159 20.437313
120 1728000 2.603424
121 1771561 21.038496
122 1815848 6.611328
123 1860867 23.020126
124 1906624 4.269504
125 1953125 7.598432
126 2000376 2.794752
127 2048383 14.005856
128 2097152 1.632256
129 2146689 28.297985
130 2197000 4.567392
131 2248091 29.346306
132 2299968 4.954784
133 2352637 30.036926
134 2406104 8.590656
135 2460375 8.965952
136 2515456 4.815328
137 2571353 28.938240
138 2628072 5.977440
139 2685619 29.599197
140 2744000 4.077856
141 2803221 30.502304
142 2863288 10.673376
143 2924207 31.335361
144 2985984 3.226336
145 3048625 39.947166
146 3112136 11.561408
147 3176523 12.087328
148 3241792 8.548960
149 3307949 42.304512
150 3375000 4.696064
151 3442951 40.614174
152 3511808 6.244448
153 3581577 42.219231
154 3652264 7.326080
155 3723875 42.887104
156 3796416 8.164064
157 3869893 44.811455
158 3944312 15.510241
159 4019679 46.078690
160 4096000 4.349280
161 4173281 45.789185
162 4251528 5.249440
163 4330747 58.342209
164 4410944 12.007040
165 4492125 59.760288
166 4574296 18.344799
167 4657463 61.371933
168 4741632 6.846080
169 4826809 62.365311
170 4913000 10.594687
171 5000211 64.368164
172 5088448 14.935872
173 5177717 66.370399
174 5268024 12.508256
175 5359375 19.082367
176 5451776 9.288256
177 5545233 69.723488
178 5639752 25.156384
179 5735339 71.312698
180 5832000 8.563840
181 5929741 74.711166
182 6028568 12.151200
183 6128487 75.717377
184 6229504 11.949408
185 6331625 78.563873
186 6434856 15.633120
187 6539203 80.059814
188 6644672 20.398912
189 6751269 23.591360
190 6859000 14.061377
191 6967871 85.354370
192 7077888 8.189952
193 7189057 72.073212
194 7301384 34.533825
195 7414875 73.613411
196 7529536 8.463232
197 7645373 75.077507
198 7762392 15.396095
199 7880599 76.613121
200 8000000 8.468928
201 8120601 90.370880
202 8242408 39.132992
203 8365427 91.595108
204 8489664 19.086592
205 8615125 85.028198
206 8741816 41.173313
207 8869743 86.739357
208 8998912 15.125472
209 9129329 88.986946
210 9261000 15.993761
211 9393931 91.022430
212 9528128 26.600832
213 9663597 92.763039
214 9800344 48.729153
215 9938375 94.605217
216 10077696 10.522560
217 10218313 138.925720
218 10360232 51.332546
219 10503459 141.839996
220 10648000 22.563232
221 10793861 144.543640
222 10941048 31.117123
223 11089567 147.933502
224 11239424 11.650048
225 11390625 41.759232
226 11543176 62.750656
227 11697083 151.862488
228 11852352 25.548864
229 12008989 154.679749
230 12167000 26.737694
231 12326391 157.502014
232 12487168 25.333824
233 12649337 160.535522
234 12812904 25.721569
235 12977875 163.715622
236 13144256 38.640289
237 13312053 166.432541
238 13481272 28.443968
239 13651919 169.516998
240 13824000 19.726143
241 13997521 183.793732
242 14172488 37.707745
243 14348907 56.598755
244 14526784 50.946053
245 14706125 54.644638
246 14886936 43.925247
247 15069223 174.192505
248 15252992 31.548769
249 15438249 177.236481
250 15625000 19.749216
251 15813251 109.362854
252 16003008 23.317505
253 16194277 111.375320
254 16387064 93.107361
255 16581375 114.788605
256 16777216 15.437120
257 16974593 228.620300
258 17173512 54.151520
259 17373979 231.193375
260 17576000 37.553246
261 17779581 235.664124
262 17984728 237.535522
263 18191447 239.518936
264 18399744 38.081245
265 18609625 243.719803
266 18821096 38.117599
267 19034163 247.603714
268 19248832 68.363235
269 19465109 251.440155
270 19683000 26.581375
271 19902511 235.165924
272 20123648 36.010590
273 20346417 239.790497
274 20570824 241.767822
275 20796875 243.544556
276 21024576 48.570114
277 21253933 247.473770
278 21484952 249.012054
279 21717639 251.431152
280 21952000 31.269793
281 22188041 255.207001
282 22425768 73.892517
283 22665187 259.426208
284 22906304 85.146851
285 23149125 263.014160
286 23393656 62.792801
287 23639903 268.277252
288 23887872 24.610241
289 24137569 334.875275
290 24389000 56.834591
291 24642171 339.301086
292 24897088 92.546234
293 25153757 343.742126
294 25412184 35.505825
295 25672375 349.018646
296 25934336 65.863808
297 26198073 353.876251
298 26463592 356.293396
299 26730899 358.848022
300 27000000 39.251938
301 27270901 309.373596
302 27543608 310.960327
303 27818127 313.624023
304 28094464 47.398590
305 28372625 319.051178
306 28652616 60.171711
307 28934443 323.196136
308 29218112 61.374397
309 29503629 328.280029
310 29791000 71.138557
311 30080231 332.376831
312 30371328 63.545441
313 30664297 337.389984
314 30959144 319.415344
315 31255875 140.715591
316 31554496 124.508957
317 31855013 326.244690
318 32157432 97.499100
319 32461759 331.343536
320 32768000 34.886879
321 33076161 374.994873
322 33386248 72.654686
323 33698267 380.418152
324 34012224 39.172638
325 34328125 423.261902
326 34645976 426.261719
327 34965783 428.633423
328 35287552 92.909348
329 35611289 434.040436
330 35937000 86.020325
331 36264691 439.837646
332 36594368 146.722595
333 36926037 445.642181
334 37259704 448.149963
335 37595375 452.619781
336 37933056 54.138367
337 38272753 458.018982
338 38614472 105.684929
339 38958219 501.631042
340 39304000 88.895935
341 39651821 507.913940
342 40001688 81.435585
343 40353607 158.582794
344 40707584 114.928093
345 41063625 521.508423
346 41421736 525.808105
347 41781923 528.434143
348 42144192 104.150398
349 42508549 533.959717
350 42875000 58.358017
351 43243551 541.390015
352 43614208 71.814049
353 43986977 548.687744
354 44361864 142.925797
356 45118016 201.322632
360 46656000 66.515839
364 48228544 103.003555
366 49027896 183.352295
368 49836032 91.908127
370 50653000 145.509186
372 51478848 129.072937
374 52313624 148.845474
375 52734375 222.688934
376 53157376 157.664185
378 54010152 73.632576
380 54872000 118.546883
384 56623104 69.104156
388 58411072 278.528320
390 59319000 146.895264
392 60236288 63.756798
396 62099136 134.836090
400 64000000 66.599426
402 64964808 249.292633
404 65939264 316.454315
405 66430125 272.052124
406 66923416 156.323212
408 67917312 150.466949
410 68921000 205.558472
